00:00 45,0618510 7,6606500
00:30 45,0659151 7,6760978
01:00 45,0699793 7,6915456
01:30 45,0740434 7,7069933
02:00 45,0781075 7,7224411
02:30 45,0821717 7,7378889
03:00 45,0862358 7,7533367
03:30 45,0902999 7,7687844
04:00 45,0943641 7,7842322
04:30 45,0984282 7,7996800
05:00 45,1024923 7,8151278
05:30 45,1065564 7,8305756
06:00 45,1106206 7,8460233
06:30 45,1146847 7,8614711
07:00 45,1187488 7,8769189
07:30 45,1228130 7,8923667
08:00 45,1268771 7,9078144
08:30 45,1309412 7,9232622
09:00 45,1350054 7,9387100
09:30 45,1390695 7,9541578
10:00 45,1431336 7,9696056
10:30 45,1471978 7,9850533
11:00 45,1512619 8,0005011
11:30 45,1553260 8,0159489
12:00 45,1593902 8,0313967
12:30 45,1634543 8,0468444
13:00 45,1675184 8,0622922
13:30 45,1715825 8,0777400
14:00 45,1756467 8,0931878
14:30 45,1797108 8,1086356
15:00 45,1837749 8,1240833
15:30 45,1878391 8,1395311
16:00 45,1919032 8,1549789
16:30 45,1959673 8,1704267
17:00 45,2000315 8,1858744
17:30 45,2040956 8,2013222
18:00 45,2081597 8,2167700
18:30 45,2122239 8,2322178
19:00 45,2162880 8,2476656
19:30 45,2203521 8,2631133
20:00 45,2244163 8,2785611
20:30 45,2284804 8,2940089
21:00 45,2325445 8,3094567
21:30 45,2366086 8,3249044
22:00 45,2406728 8,3403522
22:30 45,2447369 8,3558000
23:00 45,2488010 8,3712478
23:30 45,2528652 8,3866956
24:00 45,2569293 8,4021433
24:30 45,2609934 8,4175911
25:00 45,2650576 8,4330389
25:30 45,2691217 8,4484867
26:00 45,2731858 8,4639344
26:30 45,2772500 8,4793822
27:00 45,2813141 8,4948300
27:30 45,2853782 8,5102778
28:00 45,2894424 8,5257256
28:30 45,2935065 8,5411733
29:00 45,2975706 8,5566211
29:30 45,3016347 8,5720689
30:00 45,3056989 8,5875167
30:30 45,3097630 8,6029644
31:00 45,3138271 8,6184122
31:30 45,3178913 8,6338600
32:00 45,3219554 8,6493078
32:30 45,3260195 8,6647556
33:00 45,3300837 8,6802033
33:30 45,3341478 8,6956511
34:00 45,3382119 8,7110989
34:30 45,3422761 8,7265467
35:00 45,3463402 8,7419944
35:30 45,3504043 8,7574422
36:00 45,3544685 8,7728900
36:30 45,3585326 8,7883378
37:00 45,3625967 8,8037856
37:30 45,3666608 8,8192333
38:00 45,3707250 8,8346811
38:30 45,3747891 8,8501289
39:00 45,3788532 8,8655767
39:30 45,3829174 8,8810244
40:00 45,3869815 8,8964722
40:30 45,3910456 8,9119200
41:00 45,3951098 8,9273678
41:30 45,3991739 8,9428156
42:00 45,4032380 8,9582633
42:30 45,4073022 8,9737111
43:00 45,4113663 8,9891589
43:30 45,4154304 9,0046067
44:00 45,4194946 9,0200544
44:30 45,4235587 9,0355022
45:00 45,4276228 9,0509500
45:30 45,4316869 9,0663978
46:00 45,4357511 9,0818456
46:30 45,4398152 9,0972933
47:00 45,4438793 9,1127411
47:30 45,4479435 9,1281889
48:00 45,4520076 9,1436367
48:30 45,4560717 9,1590844
49:00 45,4601359 9,1745322
49:30 45,4642000 9,1899800
