00:00 44,9011800 8,2064200
00:30 44,9014815 8,2169079
01:00 44,9017831 8,2273959
01:30 44,9020846 8,2378838
02:00 44,9023862 8,2483718
02:30 44,9026877 8,2588597
03:00 44,9029892 8,2693477
03:30 44,9032908 8,2798356
04:00 44,9035923 8,2903236
04:30 44,9038938 8,3008115
05:00 44,9041954 8,3112995
05:30 44,9044969 8,3217874
06:00 44,9047985 8,3322754
06:30 44,9051000 8,3427633
07:00 44,9054015 8,3532513
07:30 44,9057031 8,3637392
08:00 44,9060046 8,3742272
08:30 44,9063062 8,3847151
09:00 44,9066077 8,3952031
09:30 44,9069092 8,4056910
10:00 44,9072108 8,4161790
10:30 44,9075123 8,4266669
11:00 44,9078138 8,4371549
11:30 44,9081154 8,4476428
12:00 44,9084169 8,4581308
12:30 44,9087185 8,4686187
13:00 44,9090200 8,4791067
13:30 44,9093215 8,4895946
14:00 44,9096231 8,5000826
14:30 44,9099246 8,5105705
15:00 44,9102262 8,5210585
15:30 44,9105277 8,5315464
16:00 44,9108292 8,5420344
16:30 44,9111308 8,5525223
17:00 44,9114323 8,5630103
17:30 44,9117338 8,5734982
18:00 44,9120354 8,5839862
18:30 44,9123369 8,5944741
19:00 44,9126385 8,6049621
19:30 44,9129400 8,6154500
